1 2
4 5
6 7
8 9
10 11
12 13
20 21
38 39
40 41
40 42
44 45
46 47
49 50
51 52
54 55
57 58
59 60
61 62
67 68
69 70
71 72
73 74
76 77
83 84
88 89
90 91
92 93
96 97
97 98
100 101
103 104
107 108
111 112
113 114
115 116
117 118
120 121
122 123
126 127
129 130
135 136
137 138
140 141
142 143
146 147
152 153
155 156
160 161
168 169
171 172
174 175
182 183
185 186
192 193
209 210
211 212
214 215
217 218
221 222
224 225
229 230
231 232
234 235
247 248
249 250
254 255
257 258
259 260
261 262
267 268
271 272
275 276
282 283
288 289
291 292
293 294
295 296
296 297
299 300 s
307 308 -
309 310 -
311 312 s
313 314 -
314 315 -
317 318 s
319 320 s
321 322 s
323 324 s
325 326 s
329 330 s
331 332 s
332 333 s-
336 337 s
338 339 s
343 344 s
345 346 -
348 349 -
350 351 -
351 352 -
352 353 -
354 355 -
356 357 -
358 359 s
360 361 -
363 364 s
369 370 s
371 372 s
377 378 s
380 381 -
382 383 s
385 386 -
395 396 s
397 398 -
399 400 -
403 405 s
404 405 s
410 neg
411 neg
413 414 -
415 416 s
418 419 s
423 424 s
425 426 s
427 428 -
431 432 s
436 437 -
440 441 s
443 444 s
445 446 s
447 448 -
452 453 s
455 456 s
457 458 -
459 460 s
466 467 -
469 470 -
471 472 s
488 489 s
492 493 s
496 497 s
504 505 s
513 514 s
522 523 -
529 530 s
539 540 -
542 543 -
543 544 -
542 544 -
546 547 -
547 neg
548 549 -
551 552 s
554 555 -
560 561 -
563 564 s
565 566 s
567 568 s
576 577 -
570 580 s
581 582 -
584 585 s
586 587 s
594 595 s
609 610 -
620 621 s
622 623 -
629 630 s
633 634 -
634 neg
636 637 s
640 641 s
649 650 s-
656 657 s
658 659 s
660 662 s
661 662 s
666 667 s-
670 671 -
673 674 -
685 685 -
686 687 -
692 693 -
696 697 -
699 700 -
704 705 -
709 710 -
713 714 -
719 720 s
723 724 s
734 735 s
736 737 -
746 747 -
753 754 s
756 756 s
758 759 s
763 764 s
769 770 s
775 776 s
776 777 s-
778 779 s-
783 784 s
788 789 s-
792 793 s
796 797 -
798 799 -
801 802 -
804 805 s
806 807 s
808 809 -
